epoch,lr,loss_total,loss_pc_bbf_v1,loss_non_destructive,loss_non_destructive_nonzero_fraction,lambda_safe,acc,macro_f1,bacc,macro_auc,weighted_f1
1,0.01,3.315274477005005,3.315274477005005,0.0,0.0,0.05,0.35,0.1728395061728395,0.3333333333333333,0.6761095080670553,0.18148148148148147
2,0.01,2.931999444961548,2.9319934844970703,0.0001209299880429171,0.5817843675613403,0.05,0.35,0.1728395061728395,0.3333333333333333,0.5723707197763801,0.18148148148148147
3,0.01,5.7655839920043945,5.7655768394470215,0.0001419722248101607,0.4739776849746704,0.05,0.4,0.2219883040935672,0.25545634920634924,0.5039065199737369,0.34553216374269
4,0.01,3.452329158782959,3.4523086547851562,0.00041237202822230756,0.5315985083580017,0.05,0.5333333333333333,0.2318840579710145,0.3333333333333333,0.6559841058661814,0.3710144927536232
5,0.01,3.97645902633667,3.976438522338867,0.0004107022250536829,0.5743494629859924,0.05,0.5333333333333333,0.2318840579710145,0.3333333333333333,0.7360834538016142,0.3710144927536232
6,0.01,2.9242420196533203,2.924207925796509,0.000680937257129699,0.6208178400993347,0.05,0.55,0.45274261603375526,0.6041666666666666,0.8700810185185186,0.43272151898734174
7,0.01,3.0996248722076416,3.0995841026306152,0.0008168768254108727,0.6468401551246643,0.05,0.5666666666666667,0.47061403508771926,0.6145833333333334,0.8600013990638992,0.4459649122807018
8,0.01,2.741804838180542,2.7417397499084473,0.0013039973564445972,0.7156133651733398,0.05,0.6333333333333333,0.5571428571428572,0.65625,0.8814166157916158,0.5025396825396825
9,0.01,4.893764019012451,4.893708229064941,0.0011115800589323044,0.6449813842773438,0.05,0.6333333333333333,0.5571428571428572,0.65625,0.905191163003663,0.5025396825396825
10,0.01,4.180733680725098,4.18066930770874,0.001290841493755579,0.5594795346260071,0.05,0.6333333333333333,0.5571428571428572,0.65625,0.906447140822141,0.5025396825396825
11,0.01,2.602299451828003,2.6022253036499023,0.0014818754279986024,0.5334572196006775,0.05,0.6333333333333333,0.5571428571428572,0.65625,0.912552146927147,0.5025396825396825
12,0.01,3.0089471340179443,3.008880376815796,0.0013338149292394519,0.5148698687553406,0.05,0.6333333333333333,0.5571428571428572,0.65625,0.9154011497761498,0.5025396825396825
13,0.01,2.63927960395813,2.6392335891723633,0.0009221521904692054,0.4869888424873352,0.05,0.6333333333333333,0.5571428571428572,0.65625,0.9108319342694342,0.5025396825396825
14,0.01,2.2808656692504883,2.280827522277832,0.0007637804956175387,0.49814125895500183,0.05,0.6333333333333333,0.5571428571428572,0.65625,0.9102850274725275,0.5025396825396825
15,0.01,2.237635612487793,2.237607479095459,0.0005604525213129818,0.45167285203933716,0.05,0.6333333333333333,0.5571428571428572,0.65625,0.9052388583638584,0.5025396825396825
16,0.01,2.095571279525757,2.0955147743225098,0.001130937016569078,0.5,0.05,0.6333333333333333,0.5571428571428572,0.65625,0.8841829466829467,0.5025396825396825
17,0.01,1.99086332321167,1.9908148050308228,0.0009701182134449482,0.44052043557167053,0.05,0.6333333333333333,0.5571428571428572,0.65625,0.880702565254452,0.5025396825396825
18,0.01,2.166302442550659,2.1662709712982178,0.0006316833314485848,0.38661709427833557,0.05,0.6166666666666667,0.5326305220883535,0.6458333333333334,0.869704015193402,0.4876255020080321
19,0.01,2.1807353496551514,2.180636405944824,0.001979429041966796,0.37546467781066895,0.05,0.6166666666666667,0.5326305220883535,0.6458333333333334,0.8622013250550986,0.4876255020080321
20,0.01,1.9030956029891968,1.9029576778411865,0.0027578838635236025,0.3921933174133301,0.05,0.6166666666666667,0.5288515406162465,0.6086309523809524,0.8385635045422782,0.48901960784313725
21,0.009999830837037664,2.1073179244995117,2.1072652339935303,0.0010544427204877138,0.36245352029800415,0.05,0.6166666666666667,0.5434959617966154,0.6512896825396826,0.8303585227229094,0.5097896173059572
22,0.009999323359712722,1.98319673538208,1.9829027652740479,0.005879460368305445,0.3921933174133301,0.05,0.6333333333333333,0.6754723165862089,0.7326388888888888,0.8285188616851352,0.6283985934799451
23,0.009998477602710573,1.8470079898834229,1.8466506004333496,0.007146780379116535,0.3791821599006653,0.05,0.7166666666666667,0.7528825995807127,0.8120039682539683,0.8574922031584767,0.708582285115304
24,0.009997293623837585,1.7670742273330688,1.7668607234954834,0.004269602708518505,0.3736059367656708,0.05,0.7333333333333333,0.7808740525721657,0.8224206349206349,0.8844782379570115,0.7290630543460731
25,0.00999577150401714,1.7308868169784546,1.730745792388916,0.0028205665294080973,0.3252788186073303,0.05,0.7666666666666667,0.8017337667750271,0.8214285714285715,0.8989426508589244,0.7659781612069684
26,0.009993911347284109,1.581003189086914,1.5806975364685059,0.006113958079367876,0.42007434368133545,0.05,0.8166666666666667,0.8250000000000001,0.8526785714285715,0.9200480577249445,0.8143910256410256
27,0.009991713280777732,1.5061060190200806,1.505406141281128,0.013996903784573078,0.4684014916419983,0.05,0.5833333333333334,0.642890442890443,0.7395833333333334,0.9309321389215257,0.5230691530691531
28,0.009989177454732934,1.645823359489441,1.645772933959961,0.0010075569152832031,0.3587360680103302,0.05,0.6,0.6598290598290598,0.75,0.9410594537363406,0.5483760683760683
29,0.00998630404247006,1.4940403699874878,1.4939649105072021,0.0015087838983163238,0.27323418855667114,0.05,0.7333333333333333,0.7808740525721657,0.8224206349206349,0.9345951425845295,0.7290630543460731
30,0.009983093240383016,1.252089023590088,1.2520161867141724,0.001457579666748643,0.2955390214920044,0.05,0.75,0.7393499865699704,0.7782738095238096,0.9235538766788767,0.7298227236099919
31,0.009979545267925863,1.3140558004379272,1.3136957883834839,0.007199403364211321,0.39962825179100037,0.05,0.7833333333333333,0.7929441473559121,0.8536706349206349,0.9280608782377651,0.7804344919786097
32,0.009975660367597807,1.3341232538223267,1.3338216543197632,0.006032690405845642,0.5092936754226685,0.05,0.7833333333333333,0.6334715312327254,0.6304563492063492,0.9068200645441212,0.754572968490879
33,0.009971438804926623,1.356797695159912,1.3564262390136719,0.007429530844092369,0.48327136039733887,0.05,0.8666666666666667,0.8575153113959982,0.9002976190476191,0.9340309574684574,0.8679116335755388
34,0.00996688086845051,1.1405386924743652,1.1398903131484985,0.012967681512236595,0.5464683771133423,0.05,0.8,0.8174603174603173,0.8640873015873015,0.9549896786040654,0.7982142857142857
35,0.009961986869698373,1.0181692838668823,1.0176713466644287,0.009959797374904156,0.5315985083580017,0.05,0.8333333333333334,0.8304473304473304,0.7996031746031745,0.9268730537893273,0.8330808080808081
36,0.009956757143168527,1.0972288846969604,1.0969380140304565,0.005818543490022421,0.39591076970100403,0.05,0.85,0.8679913893028647,0.8898809523809524,0.9507447915466783,0.8498973339956948
37,0.009951192046305833,0.8875418305397034,0.8871477842330933,0.00788151752203703,0.49628251791000366,0.05,0.8166666666666667,0.8163087457205105,0.8581349206349206,0.9107079263329263,0.8162900715841893
38,0.009945291959477269,0.8842117786407471,0.8839060664176941,0.006113848183304071,0.42750927805900574,0.05,0.8333333333333334,0.8542468950570976,0.8740079365079364,0.9300881410256411,0.8329449028923896
39,0.009939057285945933,0.8246060609817505,0.82441645860672,0.0037924840580672026,0.41449815034866333,0.05,0.8166666666666667,0.8244124523194291,0.8263888888888888,0.9166535279448015,0.8169558262581518
40,0.009932488451843476,0.8313190340995789,0.8312408924102783,0.0015630220295861363,0.28438660502433777,0.05,0.85,0.8679913893028647,0.8898809523809524,0.9231305578593313,0.8498973339956948
41,0.009925585906140986,0.7614686489105225,0.7614092230796814,0.0011886029969900846,0.3122676610946655,0.05,0.7833333333333333,0.7833082599040045,0.8536706349206349,0.9278559981684982,0.7809921914177234
42,0.009918350120618293,0.8801306486129761,0.8800264000892639,0.002085409127175808,0.4349442422389984,0.05,0.8166666666666667,0.8097465886939571,0.8745039682539683,0.952549475986976,0.8167056530214424
43,0.009910781589831726,0.7908271551132202,0.7907329797744751,0.0018830148037523031,0.4628252685070038,0.05,0.9,0.9067600233391682,0.9265873015873015,0.9629420849939718,0.8999116445778111
44,0.009902880831080306,0.7436226606369019,0.743514358997345,0.0021662318613380194,0.5130111575126648,0.05,0.85,0.8493165371214152,0.8472222222222222,0.9555842807611675,0.849731081926204
45,0.009894648384370404,0.6907525062561035,0.6906513571739197,0.0020229758229106665,0.5055761933326721,0.05,0.8666666666666667,0.8639156542382348,0.8685515873015873,0.9431449108630711,0.8667888563049854
46,0.009886084812378817,0.7848091125488281,0.7846277952194214,0.003626010613515973,0.5594795346260071,0.05,0.85,0.851348772660248,0.8581349206349206,0.9251196643590512,0.850200364298725
47,0.009877190700414313,0.7891658544540405,0.7890233993530273,0.0028490484692156315,0.5613383054733276,0.05,0.8,0.810515873015873,0.810515873015873,0.8836723963492831,0.8
48,0.00986796665637763,0.7150620818138123,0.7149366140365601,0.002509361831471324,0.524163544178009,0.05,0.8166666666666667,0.8227999642633789,0.8209325396825397,0.8927615421571788,0.8162476547842402
49,0.009858413310719925,0.6645877361297607,0.6645567417144775,0.000619699654635042,0.5408921837806702,0.05,0.8666666666666667,0.8805034591981329,0.9002976190476191,0.9298510440904307,0.8664282737351005
50,0.009848531316399685,0.6640924215316772,0.6640681028366089,0.0004866667150054127,0.5408921837806702,0.05,0.8666666666666667,0.8684343434343434,0.9057539682539683,0.9373982498982499,0.8665782828282829
51,0.009838321348838096,0.7132174372673035,0.7131714224815369,0.0009204346570186317,0.4944237768650055,0.05,0.85,0.8628262197783014,0.8735119047619048,0.9351438492063492,0.8468962206511302
52,0.009827784105872876,0.8642098307609558,0.8641105890274048,0.0019844903144985437,0.45724907517433167,0.05,0.8833333333333333,0.8918803418803418,0.9052579365079364,0.9428641381766382,0.8822863247863248
53,0.009816920307710586,0.7319155931472778,0.7318713665008545,0.0008843934629112482,0.4033457338809967,0.05,0.9166666666666666,0.9201523431031627,0.9424603174603176,0.9736735410379277,0.9166881934095049
54,0.0098057306968774,0.7581960558891296,0.758159875869751,0.0007236512028612196,0.42565056681632996,0.05,0.9166666666666666,0.9201523431031627,0.9424603174603176,0.9735258954008955,0.9166881934095049
55,0.009794216038168352,0.7973502278327942,0.7973029613494873,0.0009452665108256042,0.4163568615913391,0.05,0.9,0.9067600233391682,0.9265873015873015,0.9721649877899878,0.8999116445778111
56,0.009782377118595071,0.7390691637992859,0.7390396595001221,0.0005895436042919755,0.33828994631767273,0.05,0.8833333333333333,0.8903203281836433,0.8998015873015873,0.9415859025234025,0.8812376712926595
57,0.009770214747331984,0.7106733322143555,0.7106467485427856,0.0005321608041413128,0.3252788186073303,0.05,0.9,0.9033209680268505,0.910218253968254,0.9462805058323926,0.897866101395513
58,0.009757729755661011,0.7250577807426453,0.7250138521194458,0.000878641614690423,0.360594779253006,0.05,0.9,0.9058773712737128,0.9211309523809524,0.9710838929588931,0.8995392953929539
59,0.009744922996914747,0.6446118354797363,0.6445827484130859,0.0005821200320497155,0.3513011038303375,0.05,0.9166666666666666,0.9195767195767196,0.9370039682539683,0.9727118945868947,0.9165608465608465
60,0.00973179534641814,0.6395751237869263,0.639535665512085,0.0007888847612775862,0.49070632457733154,0.05,0.9,0.9033209680268505,0.910218253968254,0.9497736060236059,0.897866101395513
61,0.009718347701428667,0.6203648447990417,0.6203153133392334,0.0009900748264044523,0.5334572196006775,0.05,0.8166666666666667,0.8233828006088281,0.8308531746031745,0.8999969282988151,0.8024819254185691
62,0.009704580981074998,1.4832884073257446,1.4824881553649902,0.01600595936179161,0.5185873508453369,0.05,0.7833333333333333,0.7611324786324786,0.7356150793650794,0.8902970719008455,0.7712574786324786
63,0.009690496126294182,1.4628381729125977,1.4619989395141602,0.01678461767733097,0.4535315930843353,0.05,0.8666666666666667,0.8399366399366399,0.8149801587301587,0.9671674739481343,0.8648272448272448
64,0.009676094099767331,0.8511778712272644,0.8510822057723999,0.001913771266117692,0.4219330847263336,0.05,0.9333333333333333,0.9330165874802034,0.9528769841269842,0.9808469232113101,0.9333950154205216
65,0.009661375885853831,0.7177585363388062,0.7177332639694214,0.0005055531510151923,0.3643122613430023,0.05,0.9,0.8946969696969697,0.9320436507936508,0.9745574950468817,0.9002651515151515
66,0.00964634249052405,0.8395304083824158,0.8395017385482788,0.0005735751474276185,0.3643122613430023,0.05,0.8833333333333333,0.8713254176863349,0.9216269841269842,0.9737784708303576,0.8843167467295084
67,0.009630994941290591,0.8302298188209534,0.8301960825920105,0.0006749358144588768,0.3271375298500061,0.05,0.9,0.9047397047397047,0.9156746031746031,0.9729294934188802,0.8988655788655788
68,0.009615334287138054,0.6680048108100891,0.6679648160934448,0.0007995298365131021,0.29739776253700256,0.05,0.9,0.8887445887445887,0.8839285714285715,0.9616775280100751,0.8998484848484849
69,0.00959936159845135,0.6251279711723328,0.6251133680343628,0.0002916915691457689,0.30297398567199707,0.05,0.8833333333333333,0.8797008547008547,0.9052579365079364,0.9696939481727217,0.8831089743589743
70,0.009583077966942534,0.6242246031761169,0.6241768002510071,0.0009563702624291182,0.33085501194000244,0.05,0.8666666666666667,0.8575153113959982,0.9002976190476191,0.9656162048555915,0.8679116335755388
71,0.009566484505576189,0.6558240652084351,0.6557635068893433,0.0012112974654883146,0.38289961218833923,0.05,0.8833333333333333,0.871179072721985,0.9161706349206349,0.9687545595564463,0.8848762455801994
72,0.009549582348493355,0.6434047222137451,0.6433827877044678,0.00043927569640800357,0.40706318616867065,0.05,0.8833333333333333,0.8817482736974261,0.9216269841269842,0.9526893823768824,0.8832509416195857
73,0.009532372650934018,0.6758466362953186,0.675812840461731,0.0006756432703696191,0.4814126193523407,0.05,0.9166666666666666,0.9201523431031627,0.9424603174603176,0.9688740079365079,0.9166881934095049
74,0.009514856589158148,0.6640461087226868,0.6640120148658752,0.0006823304574936628,0.5,0.05,0.8833333333333333,0.8797008547008547,0.9052579365079364,0.9476336741961742,0.8831089743589743
75,0.009497035360365296,0.6255594491958618,0.6255276203155518,0.000636880926322192,0.5223048329353333,0.05,0.8666666666666667,0.8652977139819246,0.8893849206349206,0.9517609126984127,0.8655070441254651
76,0.00947891018261278,0.6372123956680298,0.6371443867683411,0.0013606998836621642,0.5018587112426758,0.05,0.8833333333333333,0.8806458897922312,0.9107142857142857,0.9681999135124135,0.883474480578139
77,0.00946048229473242,0.5996614098548889,0.5996274948120117,0.0006786783924326301,0.42565056681632996,0.05,0.9166666666666666,0.9169719169719169,0.8998015873015873,0.9835133038258038,0.9166666666666666
78,0.009441752956245879,0.6114827394485474,0.6114188432693481,0.0012775803916156292,0.38289961218833923,0.05,0.9166666666666666,0.9169719169719169,0.8998015873015873,0.9880825193325192,0.9166666666666666
79,0.009422723447278559,0.6525775194168091,0.6525194644927979,0.0011609981302171946,0.360594779253006,0.05,0.9166666666666666,0.9337085678549094,0.9315476190476191,0.9842223748473748,0.9162914321450907
80,0.00940339506847212,0.5676741600036621,0.56766277551651,0.00022776103287469596,0.3847583532333374,0.05,0.8666666666666667,0.8652977139819246,0.8893849206349206,0.9607816951566951,0.8655070441254651
81,0.009383769140895582,0.6390417814254761,0.6390094757080078,0.0006456120754592121,0.4535315930843353,0.05,0.8833333333333333,0.8903203281836433,0.8998015873015873,0.930797212047212,0.8812376712926595
82,0.009363847005955023,0.6184959411621094,0.6184698343276978,0.0005217593861743808,0.49814125895500183,0.05,0.9,0.9211309523809524,0.9211309523809524,0.9595034595034595,0.9
83,0.009343630025301902,0.5743948817253113,0.5743786096572876,0.00032523335539735854,0.4814126193523407,0.05,0.9166666666666666,0.9347852836224929,0.9370039682539683,0.9573412698412699,0.916974283253353
84,0.00932311958073999,0.5695329308509827,0.5695151686668396,0.0003557689196895808,0.43308550119400024,0.05,0.9,0.9222873900293256,0.9265873015873015,0.9552585724460725,0.9006598240469208
85,0.009302317074130931,0.5715287923812866,0.57151198387146,0.0003364478179719299,0.4758364260196686,0.05,0.9,0.9222873900293256,0.9265873015873015,0.9474110958485958,0.9006598240469208
86,0.009281223927298419,0.5477096438407898,0.5476855635643005,0.0004817902226932347,0.5111523866653442,0.05,0.9166666666666666,0.9347852836224929,0.9370039682539683,0.9584573412698413,0.916974283253353
87,0.009259841581931017,0.5654961466789246,0.565475344657898,0.0004163221747148782,0.4814126193523407,0.05,0.9166666666666666,0.9337085678549094,0.9315476190476191,0.9478880494505494,0.9162914321450907
88,0.00923817149948363,0.5330018997192383,0.5329851508140564,0.00033531730878166854,0.4423791766166687,0.05,0.9,0.9196969696969698,0.9156746031746031,0.950574888074888,0.8990151515151514
89,0.00921621516107761,0.5381677746772766,0.5381515026092529,0.0003255458432249725,0.42750927805900574,0.05,0.9166666666666666,0.9337085678549094,0.9315476190476191,0.9351692867317868,0.9162914321450907
90,0.009193974067399517,0.5721791386604309,0.5721566081047058,0.0004507008707150817,0.4052044451236725,0.05,0.9,0.9211309523809524,0.9211309523809524,0.955910409035409,0.9
91,0.009171449738598562,0.5447542071342468,0.5447370409965515,0.00034353489172644913,0.4553903341293335,0.05,0.8833333333333333,0.9086993970714902,0.9107142857142857,0.9491313085063084,0.8837639965546942
92,0.009148643714182699,0.5542740225791931,0.554249107837677,0.0004978573997505009,0.4368029832839966,0.05,0.8666666666666667,0.8805034591981329,0.9002976190476191,0.9349594271469271,0.8664282737351005
93,0.009125557552913402,0.5734754800796509,0.5734531283378601,0.00044661317951977253,0.4628252685070038,0.05,0.8833333333333333,0.907191994996873,0.9052579365079364,0.9307606456043956,0.8828080050031271
94,0.009102192832699127,0.5405569672584534,0.5405371785163879,0.000395751470932737,0.4795539081096649,0.05,0.8833333333333333,0.905345069524174,0.8998015873015873,0.9204950142450142,0.8814580941446614
95,0.009078551150487465,0.6011339426040649,0.6010650396347046,0.00137751002330333,0.46468400955200195,0.05,0.9,0.9196969696969698,0.9156746031746031,0.9399451821326821,0.8990151515151514
96,0.00905463412215599,0.5472658276557922,0.5472479462623596,0.0003573581052478403,0.4089219272136688,0.05,0.9166666666666666,0.9337085678549094,0.9315476190476191,0.9488864723239723,0.9162914321450907
97,0.009030443382401818,0.5653766393661499,0.5653685331344604,0.00016210331523325294,0.3457249104976654,0.05,0.9,0.9211309523809524,0.9211309523809524,0.967013888888889,0.9
98,0.009005980584629878,0.585009753704071,0.5849834680557251,0.0005262233898974955,0.4312267601490021,0.05,0.9166666666666666,0.9337085678549094,0.9315476190476191,0.9668739824989826,0.9162914321450907
99,0.008981247400839902,0.5888038873672485,0.5887796878814697,0.0004834225110244006,0.38661709427833557,0.05,0.8833333333333333,0.905345069524174,0.8998015873015873,0.9691188441188442,0.8814580941446614
100,0.00895624552151215,0.5588462948799133,0.5588345527648926,0.00023513475025538355,0.43308550119400024,0.05,0.8666666666666667,0.8792005420054201,0.8948412698412698,0.9685846560846562,0.8657994579945799
101,0.008930976655491857,0.6085646748542786,0.608553409576416,0.00022576453920919448,0.3643122613430023,0.05,0.8833333333333333,0.8940718662030137,0.9161706349206349,0.9768741096866097,0.8832927637025999
102,0.008905442529872458,0.5862050652503967,0.5861830711364746,0.0004399255267344415,0.3736059367656708,0.05,0.85,0.8523504273504274,0.878968253968254,0.947913486975987,0.84875
103,0.008879644889877513,0.5514934659004211,0.5514759421348572,0.0003505534550640732,0.3717471957206726,0.05,0.8666666666666667,0.8652977139819246,0.8893849206349206,0.9243583384208384,0.8655070441254651
104,0.008853585498741453,0.5689130425453186,0.5688999891281128,0.0002611926174722612,0.4219330847263336,0.05,0.8833333333333333,0.8918803418803418,0.9052579365079364,0.9424126221001221,0.8822863247863248
105,0.008827266137589043,0.579771101474762,0.5797610282897949,0.0002018329396378249,0.35687732696533203,0.05,0.9,0.9058773712737128,0.9211309523809524,0.9569915038665039,0.8995392953929539
106,0.008800688605313658,0.5650838017463684,0.565061092376709,0.0004541233938653022,0.3141264021396637,0.05,0.9,0.9067600233391682,0.9265873015873015,0.959919998982499,0.8999116445778111
107,0.008773854718454323,0.6198371648788452,0.6198198199272156,0.00034635805059224367,0.34386616945266724,0.05,0.9333333333333333,0.9481915933528837,0.9528769841269842,0.9637801434676435,0.9337732160312805
108,0.008746766311071562,0.5942944884300232,0.5942502021789551,0.0008861769456416368,0.4052044451236725,0.05,0.9,0.9033209680268505,0.910218253968254,0.986524470899471,0.897866101395513
109,0.008719425234622036,0.698153555393219,0.6979953050613403,0.0031651724129915237,0.4163568615913391,0.05,0.8666666666666667,0.863562091503268,0.8839285714285715,0.9873734483109483,0.8643382352941177
110,0.008691833357832001,0.7547788619995117,0.7545286417007446,0.0050046006217598915,0.3847583532333374,0.05,0.9,0.8943292370711725,0.9265873015873015,0.9816404660154662,0.9004704301075269
111,0.008663992566569587,0.639893651008606,0.6398324966430664,0.0012230859138071537,0.30297398567199707,0.05,0.9166666666666666,0.9201523431031627,0.9424603174603176,0.9738152472527473,0.9166881934095049
112,0.00863590476371589,0.6150734424591064,0.6150590181350708,0.00028820300940424204,0.321561336517334,0.05,0.9166666666666666,0.9205436829607795,0.9479166666666666,0.966222145909646,0.9165896995005322
113,0.008607571869034929,0.6757427453994751,0.6757233142852783,0.00038873872836120427,0.3345724940299988,0.05,0.9,0.9067600233391682,0.9265873015873015,0.9616529304029303,0.8999116445778111
114,0.008578995819042416,0.5918222069740295,0.5918039083480835,0.0003660923975985497,0.38847583532333374,0.05,0.9,0.9047397047397047,0.9156746031746031,0.9501583485958486,0.8988655788655788
115,0.00855017856687341,0.5529680848121643,0.5529367923736572,0.0006256265914998949,0.410780668258667,0.05,0.8833333333333333,0.8903203281836433,0.8998015873015873,0.9439833892958892,0.8812376712926595
116,0.00852112208214882,0.7125580310821533,0.7123714089393616,0.0037323536816984415,0.47026023268699646,0.05,0.8833333333333333,0.8903203281836433,0.8998015873015873,0.9594112484737485,0.8812376712926595
117,0.008491828350840775,0.6020475029945374,0.601986289024353,0.001224702107720077,0.39405202865600586,0.05,0.8666666666666667,0.8948412698412698,0.8948412698412698,0.9745020604395606,0.8666666666666667
118,0.0084622993751369,0.547264575958252,0.5472498536109924,0.0002939899277407676,0.3327137529850006,0.05,0.8666666666666667,0.8948412698412698,0.8948412698412698,0.9768041564916565,0.8666666666666667
119,0.008432537173303462,0.547451376914978,0.5474410653114319,0.00020590471103787422,0.3271375298500061,0.05,0.8833333333333333,0.9086993970714902,0.9107142857142857,0.9752810846560847,0.8837639965546942
120,0.00840254377954742,0.6096979975700378,0.6096760034561157,0.0004404275387059897,0.3122676610946655,0.05,0.8333333333333334,0.8410778289810548,0.8740079365079364,0.9711188695563696,0.832728494623656
121,0.008372321243877393,0.5532670617103577,0.5532572865486145,0.00019527121912688017,0.3457249104976654,0.05,0.8333333333333334,0.8395833333333332,0.8685515873015873,0.9420310592185591,0.8320833333333333
122,0.00834187163196355,0.559752345085144,0.5597352385520935,0.00034263209090568125,0.45724907517433167,0.05,0.85,0.8628262197783014,0.8735119047619048,0.9274744352869354,0.8468962206511302
123,0.008311197024996417,0.5407170653343201,0.5406501293182373,0.0013388525694608688,0.5055761933326721,0.05,0.8833333333333333,0.903120511816164,0.8943452380952381,0.9272423178673179,0.8796775035905472
124,0.008280299519544634,0.5682344436645508,0.5681838393211365,0.0010123461252078414,0.5167286396026611,0.05,0.8833333333333333,0.905345069524174,0.8998015873015873,0.9305555555555557,0.8814580941446614
125,0.008249181227411657,0.553654670715332,0.55362868309021,0.0005201084422878921,0.535315990447998,0.05,0.8666666666666667,0.8775446775446776,0.8893849206349206,0.934423439287826,0.8647552447552447
126,0.008217844275491416,0.5362210869789124,0.5361752510070801,0.0009172332938760519,0.553903341293335,0.05,0.85,0.8538037166085947,0.8844246031746031,0.9348484679410388,0.8494700929152148
127,0.008186290805622951,0.559358537197113,0.5593424439430237,0.0003219397913198918,0.47769516706466675,0.05,0.85,0.8538037166085947,0.8844246031746031,0.946518562674223,0.8494700929152148
128,0.008154522974444009,0.6109588146209717,0.6109434366226196,0.00030730082653462887,0.45910781621932983,0.05,0.85,0.8628262197783014,0.8735119047619048,0.9589070575214443,0.8468962206511302
129,0.008122542953243656,0.5420726537704468,0.5419836640357971,0.0017794545274227858,0.44423791766166687,0.05,0.85,0.8629161882893226,0.841765873015873,0.9596511051404919,0.8493838499808649
130,0.008090352927813856,0.5466148853302002,0.5465776324272156,0.000744898512493819,0.39405202865600586,0.05,0.85,0.8629161882893226,0.841765873015873,0.9556860308629176,0.8493838499808649
131,0.008057955098300092,0.5603993535041809,0.5603525042533875,0.000936971278861165,0.30483269691467285,0.05,0.85,0.8647130647130647,0.8472222222222222,0.9563251486895356,0.8505128205128205
132,0.008025351679050973,0.5393985509872437,0.5393832325935364,0.0003063682815991342,0.36802974343299866,0.05,0.8333333333333334,0.8368055555555555,0.8368055555555555,0.9637083904477772,0.8333333333333334
133,0.0079925448984669,0.5330009460449219,0.5329734683036804,0.0005497207748703659,0.41263940930366516,0.05,0.9,0.8893849206349206,0.8893849206349206,0.9552141767648843,0.9
134,0.007959536998847744,0.5850265622138977,0.5850021839141846,0.00048779798089526594,0.4312267601490021,0.05,0.8666666666666667,0.8515628907226808,0.8685515873015873,0.9613269221170165,0.8671517879469868
135,0.007926330236239594,0.5464845895767212,0.546460747718811,0.00047628325410187244,0.4033457338809967,0.05,0.8666666666666667,0.8630952380952381,0.8630952380952381,0.9691674993856597,0.8666666666666667
136,0.00789292688028057,0.5342860221862793,0.5342728495597839,0.0002640436578076333,0.4182156026363373,0.05,0.8666666666666667,0.861976911976912,0.8576388888888888,0.9692519711682448,0.8661868686868687
137,0.00785932921404568,0.5420889854431152,0.54207444190979,0.000290936091914773,0.4293680191040039,0.05,0.8666666666666667,0.861976911976912,0.8576388888888888,0.9727051152463888,0.8661868686868687
138,0.007825539533890782,0.5440234541893005,0.5439794063568115,0.0008806015248410404,0.47769516706466675,0.05,0.8833333333333333,0.8895331037122082,0.8680555555555555,0.9688099941637677,0.8828042479908151
139,0.007791560149295626,0.5372180938720703,0.5371682643890381,0.0009969614911824465,0.46468400955200195,0.05,0.8666666666666667,0.8630952380952381,0.8630952380952381,0.9747051406839143,0.8666666666666667
140,0.007757393382706014,0.5562880039215088,0.5562690496444702,0.0003785738372243941,0.42750927805900574,0.05,0.8833333333333333,0.8817482736974261,0.9216269841269842,0.9780601343101344,0.8832509416195857
141,0.00772304156937506,0.5517705678939819,0.5517592430114746,0.00022675209038425237,0.39591076970100403,0.05,0.9,0.9058773712737128,0.9211309523809524,0.9772811100936102,0.8995392953929539
142,0.00768850705720357,0.5345035195350647,0.5344879627227783,0.00031137355836108327,0.45910781621932983,0.05,0.9,0.9034055375518791,0.8839285714285715,0.9756385898779767,0.8998578657115242
143,0.00765379220657958,0.5422384142875671,0.5422177314758301,0.0004134048067498952,0.4293680191040039,0.05,0.8833333333333333,0.8895331037122082,0.8680555555555555,0.9773365447009316,0.8828042479908151
144,0.007618899390217016,0.5388087034225464,0.5387717485427856,0.0007385257631540298,0.4665427505970001,0.05,0.8833333333333333,0.8895331037122082,0.8680555555555555,0.973209306198693,0.8828042479908151
145,0.007583830992993526,0.5878242254257202,0.5877728462219238,0.0010276101529598236,0.45167285203933716,0.05,0.9,0.9196969696969698,0.9156746031746031,0.9741077787952789,0.8990151515151514
146,0.007548589411787477,0.5704795718193054,0.5704438090324402,0.0007151053287088871,0.41449815034866333,0.05,0.9166666666666666,0.9337085678549094,0.9315476190476191,0.9706196581196581,0.9162914321450907
147,0.007513177055314133,0.5409968495368958,0.5409848093986511,0.0002405154809821397,0.39962825179100037,0.05,0.8833333333333333,0.8806458897922312,0.9107142857142857,0.9639454873829875,0.883474480578139
148,0.0074775963439610155,0.5855422616004944,0.5855218172073364,0.00040849560173228383,0.4423791766166687,0.05,0.9166666666666666,0.9337085678549094,0.9315476190476191,0.9615384615384616,0.9162914321450907
149,0.007441849709622487,0.5193645358085632,0.519355058670044,0.00018995653954334557,0.43308550119400024,0.05,0.9,0.9034055375518791,0.8839285714285715,0.9602824837199838,0.8998578657115242
150,0.007405939595533515,0.544139564037323,0.544128954410553,0.00021209934493526816,0.449814110994339,0.05,0.9166666666666666,0.9337085678549094,0.9315476190476191,0.9607594373219372,0.9162914321450907
151,0.007369868456102699,0.560775637626648,0.5607597827911377,0.0003171377466060221,0.4814126193523407,0.05,0.9166666666666666,0.9337085678549094,0.9315476190476191,0.9608293905168904,0.9162914321450907
152,0.0073336387567445056,0.5352086424827576,0.5351883172988892,0.00040706200525164604,0.5092936754226685,0.05,0.9,0.9058773712737128,0.9211309523809524,0.9634685337810338,0.8995392953929539
153,0.007297252973710758,0.5309113264083862,0.5308893918991089,0.000438964314525947,0.5260223150253296,0.05,0.9166666666666666,0.9188034188034188,0.9315476190476191,0.9596083892958892,0.9161965811965813
154,0.007260713593921394,0.5404846668243408,0.540468692779541,0.0003194831660948694,0.5501858592033386,0.05,0.9,0.9047397047397047,0.9156746031746031,0.9600853428978429,0.8988655788655788
155,0.007224023114794484,0.5513982176780701,0.5513483881950378,0.000996337621472776,0.5315985083580017,0.05,0.9166666666666666,0.9188034188034188,0.9315476190476191,0.9734559422059422,0.9161965811965813
156,0.00718718404407554,0.5301022529602051,0.5300866365432739,0.0003122848575003445,0.4739776849746704,0.05,0.9,0.9196969696969698,0.9156746031746031,0.9808741605616605,0.8990151515151514
157,0.0071501988996661115,0.5282483696937561,0.5282354354858398,0.00025927124079316854,0.4684014916419983,0.05,0.9,0.9196969696969698,0.9156746031746031,0.9805021367521368,0.8990151515151514
158,0.007113070209451689,0.521148145198822,0.5211375951766968,0.00021043950982857496,0.42007434368133545,0.05,0.9166666666666666,0.9337085678549094,0.9315476190476191,0.9775132275132274,0.9162914321450907
159,0.007075800511128927,0.5831646919250488,0.5831465721130371,0.0003619877970777452,0.41449815034866333,0.05,0.9166666666666666,0.9337085678549094,0.9315476190476191,0.9712460571835572,0.9162914321450907
160,0.0070383923520322,0.5159764885902405,0.515967607498169,0.0001776423305273056,0.4349442422389984,0.05,0.8666666666666667,0.8666666666666667,0.8948412698412698,0.9581075752950753,0.8662499999999999
161,0.007000848288959491,0.5347442626953125,0.53472900390625,0.00030507618794217706,0.4758364260196686,0.05,0.85,0.8435574229691877,0.8844246031746031,0.9547243844118843,0.8507212885154061
162,0.006963170887997639,0.5289287567138672,0.5289183259010315,0.0002089484769385308,0.5092936754226685,0.05,0.85,0.8435574229691877,0.8844246031746031,0.9558404558404558,0.8507212885154061
163,0.006925362724346952,0.5473098158836365,0.5472819805145264,0.0005564282764680684,0.5037174820899963,0.05,0.8666666666666667,0.8666666666666667,0.8948412698412698,0.9734432234432235,0.8662499999999999
164,0.006887426382145193,0.5478243231773376,0.5477830767631531,0.0008249962702393532,0.5520446300506592,0.05,0.95,0.9608711701734958,0.9632936507936508,0.9764893671143672,0.9501845699520117
165,0.006849364454290958,0.5332316160202026,0.5332227945327759,0.00017628991918172687,0.47769516706466675,0.05,0.95,0.9608711701734958,0.9632936507936508,0.9765243437118437,0.9501845699520117
166,0.006811179542266458,0.5432233214378357,0.5432134866714478,0.00019664106366690248,0.39591076970100403,0.05,0.95,0.9608711701734958,0.9632936507936508,0.9771984381359381,0.9501845699520117
167,0.006772874255959703,0.569690465927124,0.5696799755096436,0.00020955536456312984,0.40706318616867065,0.05,0.9333333333333333,0.9330165874802034,0.9528769841269842,0.9749662952787953,0.9333950154205216
168,0.006734451213486133,0.5695860385894775,0.5695765018463135,0.00019130142754875124,0.4052044451236725,0.05,0.9,0.8943292370711725,0.9265873015873015,0.9722921754171754,0.9004704301075269
169,0.006695913041009662,0.5775988698005676,0.5775885581970215,0.00020575427333824337,0.3977695107460022,0.05,0.9,0.9058773712737128,0.9211309523809524,0.9667690527065527,0.8995392953929539
170,0.006657262372563185,0.5638067126274109,0.5637885332107544,0.0003632847801782191,0.4349442422389984,0.05,0.9,0.9196969696969698,0.9156746031746031,0.9623397435897436,0.8990151515151514
171,0.006618501849868548,0.5466901063919067,0.5465791821479797,0.002218421781435609,0.4944237768650055,0.05,0.9,0.9196969696969698,0.9156746031746031,0.9564795736670737,0.8990151515151514
172,0.006579634122155991,0.5400375723838806,0.5399610996246338,0.001529018860310316,0.44052043557167053,0.05,0.9,0.9196969696969698,0.9156746031746031,0.9564922924297924,0.8990151515151514
173,0.006540661845983073,0.5449383854866028,0.544887363910675,0.001020283903926611,0.3698884844779968,0.05,0.9,0.9196969696969698,0.9156746031746031,0.9695258445258444,0.8990151515151514
174,0.0065015876850531016,0.5611173510551453,0.5611124038696289,9.95250593405217e-05,0.3289962708950043,0.05,0.8666666666666667,0.8792005420054201,0.8948412698412698,0.9644446988196989,0.8657994579945799
175,0.006462414310033072,0.5372113585472107,0.5372024774551392,0.00017787767865229398,0.42565056681632996,0.05,0.85,0.864957264957265,0.878968253968254,0.9180084961334961,0.8483760683760685
176,0.0064231443983711325,0.5617868304252625,0.5617637634277344,0.00046150939306244254,0.5408921837806702,0.05,0.8833333333333333,0.905345069524174,0.8998015873015873,0.9056013431013431,0.8814580941446614
177,0.006383780634113578,0.5364019870758057,0.5363793969154358,0.0004519112117122859,0.6115241646766663,0.05,0.8666666666666667,0.8753142282554047,0.8521825396825397,0.9139607498982499,0.8654600301659126
178,0.006344325707721409,0.5422728657722473,0.5422488451004028,0.00048047181917354465,0.6561338305473328,0.05,0.8666666666666667,0.8753142282554047,0.8521825396825397,0.9111467236467236,0.8654600301659126
179,0.006304782315886434,0.5745410919189453,0.5744848251342773,0.001124761300161481,0.6933085322380066,0.05,0.9,0.9196969696969698,0.9156746031746031,0.923633368945869,0.8990151515151514
180,0.0062651531613469565,0.5329656600952148,0.5329542756080627,0.00022809919028077275,0.6189591288566589,0.05,0.8833333333333333,0.8918803418803418,0.9052579365079364,0.9225872507122507,0.8822863247863248
181,0.00622544095270305,0.5356767773628235,0.5356576442718506,0.0003825173480436206,0.6059479713439941,0.05,0.8666666666666667,0.8666666666666667,0.8948412698412698,0.9278432794057793,0.8662499999999999
182,0.006185648404231421,0.5434119701385498,0.5433942675590515,0.00035371206467971206,0.524163544178009,0.05,0.8666666666666667,0.8666666666666667,0.8948412698412698,0.9289652902565638,0.8662499999999999
183,0.0061457782356999025,0.5501055717468262,0.5500953197479248,0.00020542714628390968,0.5055761933326721,0.05,0.85,0.8523504273504274,0.878968253968254,0.9235888532763533,0.84875
184,0.006105833172181549,0.5245593190193176,0.5245506167411804,0.0001738018327159807,0.47769516706466675,0.05,0.85,0.8523504273504274,0.878968253968254,0.9262279965404966,0.84875
185,0.006065815943868391,0.5415091514587402,0.5414947271347046,0.0002880891552194953,0.4479553997516632,0.05,0.85,0.8628262197783014,0.8735119047619048,0.9306223290598291,0.8468962206511302
186,0.006025729285884828,0.6263865828514099,0.6262717247009277,0.002297741360962391,0.47211894392967224,0.05,0.8666666666666667,0.8775446775446776,0.8893849206349206,0.9270642551892552,0.8647552447552447
187,0.005985575938100685,0.5490509867668152,0.5490372180938721,0.0002748696715570986,0.4033457338809967,0.05,0.9,0.9196969696969698,0.9156746031746031,0.9335158475783475,0.8990151515151514
188,0.005945358644943944,0.5347088575363159,0.5346293449401855,0.00158982677385211,0.4163568615913391,0.05,0.95,0.9608711701734958,0.9632936507936508,0.9731634106634107,0.9501845699520117
189,0.005905080155213171,0.5775334239006042,0.5775182247161865,0.00030376820359379053,0.3736059367656708,0.05,0.9,0.9231884057971014,0.9320436507936508,0.9691633597883597,0.9010144927536231
190,0.005864743221889634,0.5947506427764893,0.5947350859642029,0.00031062852940522134,0.3587360680103302,0.05,0.8833333333333333,0.9108065873302079,0.9216269841269842,0.9709312678062677,0.8845955042673398
191,0.005824350601949144,0.5842825770378113,0.5842692852020264,0.0002662186452653259,0.3141264021396637,0.05,0.9,0.9211309523809524,0.9211309523809524,0.9785593457468457,0.9
192,0.0057839050561736185,0.5458831191062927,0.5458712577819824,0.00023710123787168413,0.3345724940299988,0.05,0.9,0.9196969696969698,0.9156746031746031,0.9630837912087912,0.8990151515151514
193,0.005743409348962387,0.5542263984680176,0.5541984438896179,0.0005595110706053674,0.3531598448753357,0.05,0.8666666666666667,0.8878306878306877,0.8784722222222222,0.9276365995115995,0.8612698412698412
194,0.005702866248143243,0.6030732989311218,0.6030060052871704,0.0013464292278513312,0.3977695107460022,0.05,0.9,0.9179566563467492,0.910218253968254,0.9467147435897436,0.8976780185758514
195,0.005662278524783272,0.604630708694458,0.6046104431152344,0.00040538806933909655,0.410780668258667,0.05,0.9166666666666666,0.9337085678549094,0.9315476190476191,0.9654208638583639,0.9162914321450907
196,0.005621648952999453,0.5412349104881287,0.5412250757217407,0.0001967643474927172,0.42007434368133545,0.05,0.9166666666666666,0.9337085678549094,0.9315476190476191,0.9651887464387464,0.9162914321450907
197,0.005580980309769044,0.5181552767753601,0.5181491374969482,0.00012278847862035036,0.44609665870666504,0.05,0.9333333333333333,0.9474206349206349,0.9474206349206349,0.9709439865689866,0.9333333333333333
198,0.005540275374739791,0.5242921113967896,0.5242857336997986,0.00012794994108844548,0.42007434368133545,0.05,0.9333333333333333,0.9474206349206349,0.9474206349206349,0.9725020350020349,0.9333333333333333
199,0.0054995369300399315,0.5187159776687622,0.5187042951583862,0.00023311357654165477,0.5074349641799927,0.05,0.9333333333333333,0.9474206349206349,0.9474206349206349,0.974979014041514,0.9333333333333333
200,0.005458767760088046,0.5225801467895508,0.5225660800933838,0.00028125965036451817,0.5185873508453369,0.05,0.9,0.9067600233391682,0.9265873015873015,0.9600632050514125,0.8999116445778111
201,0.0054179706514027445,0.5495039224624634,0.5494966506958008,0.00014497821393888444,0.4609665274620056,0.05,0.8666666666666667,0.8677035330261137,0.9002976190476191,0.9568771549903626,0.8665994623655915
202,0.005377148392412213,0.5333778858184814,0.5333676338195801,0.00020501560356933624,0.4609665274620056,0.05,0.8666666666666667,0.8792005420054201,0.8948412698412698,0.9466993850838189,0.8657994579945799
203,0.005336303773263628,0.5190529227256775,0.5190421342849731,0.000215811567613855,0.5278810262680054,0.05,0.8666666666666667,0.8792005420054201,0.8948412698412698,0.9621203449328449,0.8657994579945799
204,0.005295439585632452,0.5270753502845764,0.5270606875419617,0.0002937366662081331,0.5148698687553406,0.05,0.9,0.9196969696969698,0.9156746031746031,0.961503484940985,0.8990151515151514
205,0.005254558622531626,0.5393922924995422,0.5393812656402588,0.00022053391148801893,0.4628252685070038,0.05,0.8666666666666667,0.8792005420054201,0.8948412698412698,0.9642902738421606,0.8657994579945799
206,0.005213663678120677,0.5361769199371338,0.5361452102661133,0.0006341016269288957,0.45910781621932983,0.05,0.8666666666666667,0.8792005420054201,0.8948412698412698,0.9597697136022608,0.8657994579945799
207,0.005172757547514729,0.5203794836997986,0.5203645825386047,0.00029824854573234916,0.49070632457733154,0.05,0.8666666666666667,0.8792005420054201,0.8948412698412698,0.9589207361907833,0.8657994579945799
208,0.0051318430265934745,0.5297584533691406,0.5296996831893921,0.0011753701837733388,0.45167285203933716,0.05,0.8666666666666667,0.8805034591981329,0.9002976190476191,0.957706514310288,0.8664282737351005
209,0.005090922911810069,0.5384572744369507,0.5384508371353149,0.0001292723318329081,0.42750927805900574,0.05,0.9,0.9074074074074074,0.9320436507936508,0.9543088048394651,0.9
210,0.005050000000000001,0.5293233394622803,0.5293183326721191,0.000100695549917873,0.3847583532333374,0.05,0.9,0.9074074074074074,0.9320436507936508,0.9497182914046123,0.9
211,0.005009077088189933,0.5275480151176453,0.5275286436080933,0.0003870439250022173,0.43866169452667236,0.05,0.9,0.9074074074074074,0.9320436507936508,0.9470996061503136,0.9
212,0.004968156973406526,0.5238862037658691,0.523881196975708,0.00010026364179793745,0.39962825179100037,0.05,0.9,0.9067600233391682,0.9265873015873015,0.9576756773101113,0.8999116445778111
213,0.0049272424524852716,0.5171928405761719,0.5171872973442078,0.00011076649388996884,0.4163568615913391,0.05,0.8833333333333333,0.8918803418803418,0.9052579365079364,0.9617892371430107,0.8822863247863248
214,0.004886336321879326,0.5167214870452881,0.516716480255127,0.00010041823406936601,0.44609665870666504,0.05,0.85,0.8628262197783014,0.8735119047619048,0.9609334803910277,0.8468962206511302
215,0.004845441377468376,0.5392963886260986,0.5392767786979675,0.000392622227082029,0.4869888424873352,0.05,0.8333333333333334,0.8476770888535595,0.8576388888888888,0.9630606934557405,0.8286557145380674
216,0.004804560414367551,0.5230802893638611,0.5230721235275269,0.0001627935707801953,0.4944237768650055,0.05,0.85,0.8628262197783014,0.8735119047619048,0.9639446474646945,0.8468962206511302
217,0.004763696226736375,0.539522647857666,0.5394853353500366,0.0007464108057320118,0.5260223150253296,0.05,0.85,0.8628262197783014,0.8735119047619048,0.9640146006596478,0.8468962206511302
218,0.0047228516075877875,0.5155758261680603,0.5155342817306519,0.0008305037626996636,0.524163544178009,0.05,0.8833333333333333,0.8918803418803418,0.9052579365079364,0.9583924875788083,0.8822863247863248
219,0.004682029348597257,0.5157354474067688,0.5157227516174316,0.0002533726510591805,0.5278810262680054,0.05,0.9166666666666666,0.9195767195767196,0.9370039682539683,0.9569743455356662,0.9165608465608465
220,0.004641232239911956,0.5119051337242126,0.5118958950042725,0.00018473637464921921,0.4925650358200073,0.05,0.8666666666666667,0.8684343434343434,0.9057539682539683,0.9590443241681449,0.8665782828282829
221,0.00460046306996007,0.5302541255950928,0.5302425026893616,0.0002320300118299201,0.4665427505970001,0.05,0.8833333333333333,0.8813222772906341,0.9161706349206349,0.958672300358621,0.8835168064557124
222,0.00455972462526021,0.541187047958374,0.541146457195282,0.0008113918011076748,0.47211894392967224,0.05,0.9,0.8943292370711725,0.9265873015873015,0.9537533188771397,0.9004704301075269
223,0.0045190196902309574,0.5188155174255371,0.5187965631484985,0.00037889956729486585,0.4609665274620056,0.05,0.9166666666666666,0.9195767195767196,0.9370039682539683,0.955480310875358,0.9165608465608465
224,0.00447835104700055,0.5138461589813232,0.5138392448425293,0.00013846084766555578,0.4553903341293335,0.05,0.9,0.9058773712737128,0.9211309523809524,0.9608353299391036,0.8995392953929539
225,0.004437721475216731,0.527173638343811,0.5271161794662476,0.0011489333119243383,0.4349442422389984,0.05,0.8833333333333333,0.8918803418803418,0.9052579365079364,0.9636988513757382,0.8822863247863248
226,0.00439713375185676,0.535736620426178,0.5357059836387634,0.0006132773123681545,0.449814110994339,0.05,0.8833333333333333,0.8918803418803418,0.9052579365079364,0.962308906589567,0.8822863247863248
227,0.004356590651037616,0.5162854194641113,0.5162789225578308,0.00012977130245417356,0.43866169452667236,0.05,0.8833333333333333,0.8918803418803418,0.9052579365079364,0.9630879308060912,0.8822863247863248
228,0.004316094943826382,0.5156428217887878,0.5156368613243103,0.00011890191672137007,0.42750927805900574,0.05,0.8833333333333333,0.8918803418803418,0.9052579365079364,0.9604624662112871,0.8822863247863248
229,0.0042756493980508565,0.5105077624320984,0.5105010271072388,0.000135125606902875,0.4368029832839966,0.05,0.8833333333333333,0.8918803418803418,0.9052579365079364,0.9608694666182874,0.8822863247863248
230,0.0042352567781103675,0.5168423652648926,0.5168346166610718,0.00015501194866374135,0.5,0.05,0.8833333333333333,0.8918803418803418,0.9052579365079364,0.9614940658572734,0.8822863247863248
231,0.004194919844786831,0.5178678631782532,0.5178592205047607,0.00017264891357626766,0.5037174820899963,0.05,0.8833333333333333,0.8918803418803418,0.9052579365079364,0.9741427553927554,0.8822863247863248
232,0.004154641355056057,0.5239795446395874,0.5239617228507996,0.00035588591708801687,0.4814126193523407,0.05,0.8833333333333333,0.8918803418803418,0.9052579365079364,0.9639855634843842,0.8822863247863248
233,0.004114424061899316,0.51618492603302,0.5161550641059875,0.0005967512843199074,0.4814126193523407,0.05,0.8833333333333333,0.8918803418803418,0.9052579365079364,0.964357587293908,0.8822863247863248
234,0.004074270714115174,0.5147308707237244,0.5147233605384827,0.0001500168873462826,0.5223048329353333,0.05,0.8666666666666667,0.8666666666666667,0.8948412698412698,0.9647645877009084,0.8662499999999999
235,0.004034184056131611,0.5309879779815674,0.5309793949127197,0.00017218512948602438,0.4925650358200073,0.05,0.85,0.8435574229691877,0.8844246031746031,0.9632764924628132,0.8507212885154061
236,0.003994166827818454,0.5144202709197998,0.5144129991531372,0.00014599353016819805,0.47769516706466675,0.05,0.85,0.8435574229691877,0.8844246031746031,0.9626169166263505,0.8507212885154061
237,0.003954221764300101,0.5261920094490051,0.526183009147644,0.00018017053662333637,0.5074349641799927,0.05,0.85,0.8435574229691877,0.8844246031746031,0.9702826109076109,0.8507212885154061
238,0.003914351595768582,0.5300935506820679,0.5300795435905457,0.00028032768750563264,0.5576208233833313,0.05,0.85,0.8435574229691877,0.8844246031746031,0.9660154660154662,0.8507212885154061
239,0.0038745590472969507,0.5102736353874207,0.5102643370628357,0.00018557078146841377,0.5762081742286682,0.05,0.8333333333333334,0.8292640774258421,0.8685515873015873,0.9618532509157509,0.8332579185520361
240,0.0038348468386530444,0.5430595278739929,0.5430251955986023,0.0006866566836833954,0.5130111575126648,0.05,0.8666666666666667,0.8775446775446776,0.8893849206349206,0.960260225885226,0.8647552447552447
241,0.0037952176841135675,0.53528892993927,0.535279393196106,0.000190670951269567,0.5018587112426758,0.05,0.8833333333333333,0.905345069524174,0.8998015873015873,0.9591441544566545,0.8814580941446614
242,0.0037556742922785925,0.5225990414619446,0.5225799083709717,0.0003827177279163152,0.5260223150253296,0.05,0.8833333333333333,0.905345069524174,0.8998015873015873,0.9632364163614163,0.8814580941446614
243,0.003716219365886423,0.5104101300239563,0.5104001760482788,0.00019895362493116409,0.5297397971153259,0.05,0.9,0.9196969696969698,0.9156746031746031,0.9617483211233212,0.8990151515151514
244,0.0036768556016288706,0.5353536009788513,0.5353448390960693,0.0001757804275257513,0.4814126193523407,0.05,0.9,0.9196969696969698,0.9156746031746031,0.9610042735042734,0.8990151515151514
245,0.00363758568996693,0.5405371189117432,0.5405178666114807,0.00038559758104383945,0.5148698687553406,0.05,0.9333333333333333,0.9474206349206349,0.9474206349206349,0.957369887057387,0.9333333333333333
246,0.0035984123149469,0.5194690823554993,0.5194606781005859,0.00016854143177624792,0.45724907517433167,0.05,0.8666666666666667,0.8929292929292929,0.8893849206349206,0.9486893315018315,0.8653535353535353
247,0.003559338154016929,0.5340060591697693,0.5339970588684082,0.00017960596596822143,0.47026023268699646,0.05,0.8666666666666667,0.8929292929292929,0.8893849206349206,0.9478753306878307,0.8653535353535353
248,0.003520365877844012,0.5297968983650208,0.5297884941101074,0.0001685509632807225,0.4869888424873352,0.05,0.8833333333333333,0.905345069524174,0.8998015873015873,0.9474683302808301,0.8814580941446614
249,0.0034814981501314545,0.521291196346283,0.5212825536727905,0.00017300121544394642,0.4609665274620056,0.05,0.8833333333333333,0.905345069524174,0.8998015873015873,0.9493984025234026,0.8814580941446614
250,0.0034427376274368173,0.5274354815483093,0.5274139046669006,0.00043151163845323026,0.4628252685070038,0.05,0.8833333333333333,0.905345069524174,0.8998015873015873,0.9483173076923076,0.8814580941446614
251,0.003404086958990339,0.5178796052932739,0.5178731083869934,0.00013005432265345007,0.4237918257713318,0.05,0.8666666666666667,0.8775446775446776,0.8893849206349206,0.9529564763939765,0.8647552447552447
252,0.003365548786513867,0.5104267001152039,0.5104178190231323,0.00017710959946271032,0.5111523866653442,0.05,0.8666666666666667,0.8666666666666667,0.8948412698412698,0.9574684574684574,0.8662499999999999
253,0.003327125744040297,0.5108797550201416,0.5108718872070312,0.00015701794472988695,0.4925650358200073,0.05,0.8666666666666667,0.8666666666666667,0.8948412698412698,0.9619804385429385,0.8662499999999999
254,0.0032888204577335442,0.5214160084724426,0.5214080810546875,0.0001580097305122763,0.5223048329353333,0.05,0.8833333333333333,0.8806458897922312,0.9107142857142857,0.9654685592185593,0.883474480578139
255,0.0032506355457090426,0.5356258153915405,0.535616934299469,0.0001781828614184633,0.5055761933326721,0.05,0.8833333333333333,0.8806458897922312,0.9107142857142857,0.9628993691493691,0.883474480578139
256,0.0032125736178548075,0.5148672461509705,0.5148584842681885,0.0001754650002112612,0.5334572196006775,0.05,0.8833333333333333,0.8806458897922312,0.9107142857142857,0.9640504171754172,0.883474480578139
257,0.0031746372756530482,0.5118227005004883,0.5118128061294556,0.0001977161009563133,0.5390334725379944,0.05,0.8833333333333333,0.8806458897922312,0.9107142857142857,0.9649343711843712,0.883474480578139
258,0.0031368291120023616,0.5108078122138977,0.5107996463775635,0.0001628801110200584,0.5334572196006775,0.05,0.8833333333333333,0.8806458897922312,0.9107142857142857,0.9640853937728938,0.883474480578139
259,0.0030991517110405113,0.5117492079734802,0.5117383003234863,0.00021862579160369933,0.553903341293335,0.05,0.8666666666666667,0.8575153113959982,0.9002976190476191,0.9652364417989419,0.8679116335755388
260,0.0030616076479678023,0.5164561867713928,0.5164445638656616,0.00023266440257430077,0.5929368138313293,0.05,0.8833333333333333,0.8806458897922312,0.9107142857142857,0.9660504426129427,0.883474480578139
261,0.0030241994888710747,0.5122852921485901,0.5122765898704529,0.00017355647287331522,0.5594795346260071,0.05,0.8833333333333333,0.8806458897922312,0.9107142857142857,0.9684685973748474,0.883474480578139
262,0.0029869297905483136,0.509982705116272,0.5099729299545288,0.00019495536980684847,0.5557620525360107,0.05,0.8833333333333333,0.8806458897922312,0.9107142857142857,0.9701776811151812,0.883474480578139
263,0.00294980110033389,0.5212593674659729,0.5212478637695312,0.00023012713063508272,0.5985130071640015,0.05,0.8833333333333333,0.8806458897922312,0.9107142857142857,0.9724797771672772,0.883474480578139
264,0.0029128159559244607,0.5092455744743347,0.5092388391494751,0.00013443008356261998,0.5260223150253296,0.05,0.8833333333333333,0.8806458897922312,0.9107142857142857,0.9743398962148963,0.883474480578139
265,0.0028759768852055175,0.5104577541351318,0.5104508996009827,0.00013722582662012428,0.542750895023346,0.05,0.8666666666666667,0.8575153113959982,0.9002976190476191,0.9754909442409443,0.8679116335755388
266,0.002839286406078608,0.5102756023406982,0.5102684497833252,0.00014259613817557693,0.49628251791000366,0.05,0.8666666666666667,0.8575153113959982,0.9002976190476191,0.9758979446479447,0.8679116335755388
267,0.0028027470262892437,0.5357935428619385,0.5357255935668945,0.0013591527240350842,0.5594795346260071,0.05,0.8666666666666667,0.8575153113959982,0.9002976190476191,0.9601467169273774,0.8679116335755388
268,0.002766361243255496,0.5260388851165771,0.526030421257019,0.00016904638323467225,0.524163544178009,0.05,0.8833333333333333,0.8806458897922312,0.9107142857142857,0.9684224918599919,0.883474480578139
269,0.002730131543897301,0.5162064433097839,0.5161994695663452,0.00013948985724709928,0.5669144988059998,0.05,0.8833333333333333,0.8806458897922312,0.9107142857142857,0.9627594627594629,0.883474480578139
270,0.0026940604044664858,0.5288099646568298,0.5288031697273254,0.00013533256424125284,0.5557620525360107,0.05,0.9,0.8937499999999999,0.9211309523809524,0.9625845797720798,0.9004166666666668
271,0.002658150290377515,0.5105600953102112,0.5105531811714172,0.00013822063920088112,0.5278810262680054,0.05,0.9,0.8937499999999999,0.9211309523809524,0.968164936914937,0.9004166666666668
272,0.0026224036560389846,0.5243604183197021,0.5243522524833679,0.00016351813974324614,0.5762081742286682,0.05,0.9166666666666666,0.9337085678549094,0.9315476190476191,0.9685719373219374,0.9162914321450907
273,0.0025868229446858685,0.5075284838676453,0.5075219869613647,0.0001304747856920585,0.5464683771133423,0.05,0.9166666666666666,0.9337085678549094,0.9315476190476191,0.9685719373219374,0.9162914321450907
274,0.0025514105882125234,0.5143815279006958,0.5143746733665466,0.0001371168764308095,0.5278810262680054,0.05,0.9166666666666666,0.9337085678549094,0.9315476190476191,0.969757961945462,0.9162914321450907
275,0.002516169007006475,0.5187361240386963,0.5187275409698486,0.00017156879766844213,0.5576208233833313,0.05,0.9166666666666666,0.9337085678549094,0.9315476190476191,0.9700950091575091,0.9162914321450907
276,0.0024811006097829845,0.517661452293396,0.5176284313201904,0.0006599569460377097,0.5408921837806702,0.05,0.9,0.9058773712737128,0.9211309523809524,0.9693859381359382,0.8995392953929539
277,0.002446207793420422,0.515288233757019,0.5152795314788818,0.00017390408902429044,0.5185873508453369,0.05,0.9,0.9058773712737128,0.9211309523809524,0.9690139143264144,0.8995392953929539
278,0.002411492942796432,0.5079375505447388,0.5079309940338135,0.00013063305232208222,0.5408921837806702,0.05,0.9,0.9058773712737128,0.9211309523809524,0.9623174857549858,0.8995392953929539
279,0.0023769584306249435,0.5113570094108582,0.5113497376441956,0.00014532085333485156,0.5631970167160034,0.05,0.8833333333333333,0.8918803418803418,0.9052579365079364,0.9581267734274809,0.8822863247863248
280,0.0023426066172939877,0.5097466707229614,0.5097403526306152,0.00012689383584074676,0.553903341293335,0.05,0.8833333333333333,0.8918803418803418,0.9052579365079364,0.9579232732239807,0.8822863247863248
281,0.002308439850704377,0.5111169219017029,0.511109471321106,0.0001489722781116143,0.5446096658706665,0.05,0.8666666666666667,0.8775446775446776,0.8893849206349206,0.9619932772939848,0.8647552447552447
282,0.002274460466109219,0.5159175395965576,0.5159110426902771,0.0001299502036999911,0.5297397971153259,0.05,0.8666666666666667,0.8775446775446776,0.8893849206349206,0.9637902224871565,0.8647552447552447
283,0.0022406707859543205,0.5337257385253906,0.5336766839027405,0.000980776036158204,0.553903341293335,0.05,0.8833333333333333,0.8918803418803418,0.9052579365079364,0.9726419413919415,0.8822863247863248
284,0.002207073119719429,0.5209587216377258,0.5209527015686035,0.00012036206317134202,0.5315985083580017,0.05,0.9166666666666666,0.9337085678549094,0.9315476190476191,0.9729090354090354,0.9162914321450907
285,0.0021736697637604056,0.5102799534797668,0.5102741718292236,0.00011529341281857342,0.5260223150253296,0.05,0.9166666666666666,0.9337085678549094,0.9315476190476191,0.974269943019943,0.9162914321450907
286,0.0021404630011522584,0.5216650366783142,0.5216485261917114,0.000329764821799472,0.5297397971153259,0.05,0.9166666666666666,0.9337085678549094,0.9315476190476191,0.976130062067562,0.9162914321450907
287,0.0021074551015331003,0.5078519582748413,0.5078468322753906,0.00010221832053503022,0.535315990447998,0.05,0.9166666666666666,0.9337085678549094,0.9315476190476191,0.9776531339031339,0.9162914321450907
288,0.0020746483209490257,0.5242137312889099,0.5242034196853638,0.00020578253315761685,0.5576208233833313,0.05,0.9166666666666666,0.9337085678549094,0.9315476190476191,0.9796881359381361,0.9162914321450907
289,0.002042044901699908,0.5326295495033264,0.5326163172721863,0.00026433728635311127,0.5464683771133423,0.05,0.9166666666666666,0.9337085678549094,0.9315476190476191,0.9782699938949939,0.9162914321450907
290,0.0020096470721861445,0.5097671151161194,0.5097616314888,0.00011014619667548686,0.5074349641799927,0.05,0.9166666666666666,0.9337085678549094,0.9315476190476191,0.9782699938949939,0.9162914321450907
291,0.0019774570467563477,0.5169551372528076,0.5169485211372375,0.00013249579933471978,0.5483271479606628,0.05,0.9,0.9058773712737128,0.9211309523809524,0.9786420177045176,0.8995392953929539
292,0.001945477025555992,0.5112608671188354,0.5112543106079102,0.00013172614853829145,0.5204460620880127,0.05,0.9,0.9058773712737128,0.9211309523809524,0.9782699938949939,0.8995392953929539
293,0.0019137091943770502,0.5104816555976868,0.5104756355285645,0.00012094247358618304,0.5092936754226685,0.05,0.9,0.9058773712737128,0.9211309523809524,0.9782699938949939,0.8995392953929539
294,0.0018821557245085828,0.5090906023979187,0.5090857148170471,9.777493687579408e-05,0.5334572196006775,0.05,0.9,0.9058773712737128,0.9211309523809524,0.9721141127391127,0.8995392953929539
295,0.0018508187725883422,0.508916974067688,0.5089108347892761,0.0001230649504577741,0.49628251791000366,0.05,0.9,0.9058773712737128,0.9211309523809524,0.9703175875050875,0.8995392953929539
296,0.0018197004804553652,0.510880708694458,0.5108739733695984,0.0001345310010947287,0.5297397971153259,0.05,0.9,0.9058773712737128,0.9211309523809524,0.9695385632885634,0.8995392953929539
297,0.0017888029750035847,0.5375693440437317,0.5375550389289856,0.00028632942121475935,0.5055761933326721,0.05,0.8833333333333333,0.8931216931216931,0.9107142857142857,0.9695385632885634,0.882962962962963
298,0.0017581283680364525,0.5094970464706421,0.5094906091690063,0.0001290232321480289,0.5371747016906738,0.05,0.8833333333333333,0.8931216931216931,0.9107142857142857,0.9683525386650387,0.882962962962963
299,0.0017276787561226095,0.5107932090759277,0.5107866525650024,0.00013094503083266318,0.535315990447998,0.05,0.8833333333333333,0.8931216931216931,0.9107142857142857,0.967166514041514,0.882962962962963
300,0.0016974562204525828,0.5153213143348694,0.515312910079956,0.00016820398741401732,0.5371747016906738,0.05,0.8833333333333333,0.8931216931216931,0.9107142857142857,0.963980463980464,0.882962962962963
301,0.0016674628266965387,0.5200121402740479,0.5199804306030273,0.0006336205406114459,0.5297397971153259,0.05,0.8833333333333333,0.8931216931216931,0.9107142857142857,0.9646084528897029,0.882962962962963
302,0.0016377006248631,0.5098227262496948,0.509815514087677,0.00014417323109228164,0.5390334725379944,0.05,0.8833333333333333,0.8931216931216931,0.9107142857142857,0.9636084401709403,0.882962962962963
303,0.001608171649159226,0.5072140097618103,0.5072070360183716,0.00013942286022938788,0.5315985083580017,0.05,0.8833333333333333,0.8931216931216931,0.9107142857142857,0.9632014397639398,0.882962962962963
304,0.0015788779178511816,0.509222686290741,0.5092167258262634,0.00011928054300369695,0.5223048329353333,0.05,0.8833333333333333,0.8931216931216931,0.9107142857142857,0.9631664631664633,0.882962962962963
305,0.0015498214331265902,0.5074317455291748,0.5074243545532227,0.0001482028455939144,0.5520446300506592,0.05,0.8666666666666667,0.8805034591981329,0.9002976190476191,0.9635035103785103,0.8664282737351005
306,0.001521004180957585,0.5149261355400085,0.514919102191925,0.00014069613825995475,0.5464683771133423,0.05,0.8666666666666667,0.8805034591981329,0.9002976190476191,0.9638405575905576,0.8664282737351005
307,0.001492428130965072,0.50788414478302,0.5078771114349365,0.00014121204731054604,0.5687732100486755,0.05,0.8666666666666667,0.8805034591981329,0.9002976190476191,0.9645846052096053,0.8664282737351005
308,0.0014640952362841098,0.5097482800483704,0.5097417831420898,0.0001298621646128595,0.5315985083580017,0.05,0.8666666666666667,0.8805034591981329,0.9002976190476191,0.964514652014652,0.8664282737351005
309,0.0014360074334304135,0.5075439214706421,0.5075365304946899,0.0001479528727941215,0.5947955250740051,0.05,0.8666666666666667,0.8805034591981329,0.9002976190476191,0.9641076516076517,0.8664282737351005
310,0.0014081666421679989,0.5080541372299194,0.5080477595329285,0.00012725497072096914,0.6040892004966736,0.05,0.8666666666666667,0.8805034591981329,0.9002976190476191,0.9644796754171754,0.8664282737351005
311,0.0013805747653779662,0.5075897574424744,0.5075827836990356,0.00013992833555676043,0.5743494629859924,0.05,0.8666666666666667,0.8805034591981329,0.9002976190476191,0.9652586996336997,0.8664282737351005
312,0.00135323368892844,0.518294095993042,0.518287718296051,0.0001280138676520437,0.5743494629859924,0.05,0.8666666666666667,0.8805034591981329,0.9002976190476191,0.9652586996336997,0.8664282737351005
313,0.001326145281545679,0.5079004764556885,0.5078942775726318,0.0001234101946465671,0.5185873508453369,0.05,0.8666666666666667,0.8805034591981329,0.9002976190476191,0.9656657000407001,0.8664282737351005
314,0.0012993113946863431,0.515613317489624,0.5156064629554749,0.0001376596192130819,0.5724906921386719,0.05,0.8666666666666667,0.8805034591981329,0.9002976190476191,0.9664797008547009,0.8664282737351005
315,0.0012727338624109576,0.510623037815094,0.5106165409088135,0.00012947940558660775,0.5929368138313293,0.05,0.8666666666666667,0.8805034591981329,0.9002976190476191,0.9672937016687017,0.8664282737351005
316,0.0012464145012585474,0.5076578259468079,0.5076522827148438,0.00011101288691861555,0.5576208233833313,0.05,0.8833333333333333,0.8931216931216931,0.9107142857142857,0.9690552503052503,0.882962962962963
317,0.0012203551101224882,0.5152961611747742,0.5152891874313354,0.0001393322309013456,0.5167286396026611,0.05,0.9,0.9058773712737128,0.9211309523809524,0.9700377747252747,0.8995392953929539
318,0.001194557470127544,0.508151113986969,0.5081450939178467,0.000120944096124731,0.5148698687553406,0.05,0.9,0.9058773712737128,0.9211309523809524,0.9708167989417991,0.8995392953929539
319,0.001169023344508143,0.50821453332901,0.5082077980041504,0.00013422193296719342,0.5650557279586792,0.05,0.9,0.9058773712737128,0.9211309523809524,0.9773097273097274,0.8995392953929539
320,0.0011437544784878525,0.5088819265365601,0.5088750123977661,0.00013884321379009634,0.5817843675613403,0.05,0.9,0.9058773712737128,0.9211309523809524,0.9771062271062272,0.8995392953929539
321,0.0011187525991600985,0.5082617998123169,0.5082552433013916,0.00013084667443763465,0.5260223150253296,0.05,0.9166666666666666,0.9337085678549094,0.9315476190476191,0.9773097273097274,0.9162914321450907
322,0.001094019415370123,0.5217136144638062,0.5217044353485107,0.00018354257917962968,0.5631970167160034,0.05,0.9166666666666666,0.9337085678549094,0.9315476190476191,0.9771062271062272,0.9162914321450907
323,0.0010695566175981828,0.5081008672714233,0.5080941915512085,0.00013407260121311992,0.5576208233833313,0.05,0.9,0.9058773712737128,0.9211309523809524,0.9759202024827025,0.8995392953929539
324,0.0010453658778440107,0.5078572034835815,0.5078495144844055,0.0001535233313916251,0.5483271479606628,0.05,0.9,0.9058773712737128,0.9211309523809524,0.9759202024827025,0.8995392953929539
325,0.0010214488495125353,0.5188915729522705,0.5188785791397095,0.0002601572487037629,0.5408921837806702,0.05,0.9,0.9058773712737128,0.9211309523809524,0.9751062016687017,0.8995392953929539
326,0.0009978071673008729,0.5148775577545166,0.514864981174469,0.00025185581762343645,0.542750895023346,0.05,0.9,0.9058773712737128,0.9211309523809524,0.974804131054131,0.8995392953929539
327,0.0009744424470865977,0.5082309246063232,0.5082244873046875,0.0001288658386329189,0.5446096658706665,0.05,0.9,0.9058773712737128,0.9211309523809524,0.968072725885226,0.8995392953929539
328,0.0009513562858173009,0.5087420344352722,0.5087353587150574,0.00013329678040463477,0.524163544178009,0.05,0.9,0.9058773712737128,0.9211309523809524,0.9684797262922263,0.8995392953929539
329,0.0009285502614014378,0.5071228742599487,0.5071164965629578,0.0001281191798625514,0.5576208233833313,0.05,0.9,0.9058773712737128,0.9211309523809524,0.9697007275132276,0.8995392953929539
330,0.0009060259326004838,0.5077648758888245,0.5077575445175171,0.0001471066934755072,0.5204460620880127,0.05,0.9,0.9058773712737128,0.9211309523809524,0.9697007275132276,0.8995392953929539
331,0.000883784838922391,0.5071373581886292,0.5071306228637695,0.00013447551464196295,0.542750895023346,0.05,0.9,0.9058773712737128,0.9211309523809524,0.9700727513227513,0.8995392953929539
332,0.0008618285005163704,0.5074920058250427,0.5074852108955383,0.00013606400170829147,0.5762081742286682,0.05,0.9,0.9058773712737128,0.9211309523809524,0.9704797517297518,0.8995392953929539
333,0.0008401584180689843,0.5077179074287415,0.5077120065689087,0.00011850112059619278,0.5167286396026611,0.05,0.9,0.9058773712737128,0.9211309523809524,0.970107727920228,0.8995392953929539
334,0.000818776072701583,0.5080615878105164,0.5080545544624329,0.00014063628623262048,0.5669144988059998,0.05,0.9,0.9058773712737128,0.9211309523809524,0.970107727920228,0.8995392953929539
335,0.0007976829258690679,0.5065914988517761,0.5065842866897583,0.00014482975529972464,0.5446096658706665,0.05,0.9,0.9058773712737128,0.9211309523809524,0.9697357041107041,0.8995392953929539
336,0.0007768804192600093,0.5179965496063232,0.517983078956604,0.0002689652028493583,0.5315985083580017,0.05,0.9,0.9058773712737128,0.9211309523809524,0.9689916564916565,0.8995392953929539
337,0.0007563699746980984,0.5148959755897522,0.5148899555206299,0.0001200641636387445,0.5501858592033386,0.05,0.9,0.9058773712737128,0.9211309523809524,0.9689916564916565,0.8995392953929539
338,0.0007361529940449782,0.5119220614433289,0.5119156837463379,0.00012760712706949562,0.5501858592033386,0.05,0.9,0.9058773712737128,0.9211309523809524,0.9697357041107041,0.8995392953929539
339,0.0007162308591044182,0.50937819480896,0.5093709230422974,0.00014602145529352129,0.5613383054733276,0.05,0.9,0.9058773712737128,0.9211309523809524,0.9697357041107041,0.8995392953929539
340,0.0006966049315278798,0.5349457859992981,0.5349391102790833,0.00013319319987203926,0.5743494629859924,0.05,0.9,0.9058773712737128,0.9211309523809524,0.9707182285307286,0.8995392953929539
341,0.0006772765527214417,0.5078901052474976,0.5078827142715454,0.00014766032109037042,0.5446096658706665,0.05,0.9,0.9058773712737128,0.9211309523809524,0.9718692765567765,0.8995392953929539
342,0.0006582470437541217,0.5240721106529236,0.5240556597709656,0.00032883728272281587,0.5371747016906738,0.05,0.9,0.9058773712737128,0.9211309523809524,0.9716657763532762,0.8995392953929539
343,0.0006395177052675795,0.5106192231178284,0.5105979442596436,0.00042557495180517435,0.5260223150253296,0.05,0.9,0.9058773712737128,0.9211309523809524,0.9731538715913716,0.8995392953929539
344,0.0006210898173872209,0.5079745054244995,0.5079683065414429,0.0001243703591171652,0.5111523866653442,0.05,0.9,0.9058773712737128,0.9211309523809524,0.9768741096866096,0.8995392953929539
345,0.0006029646396347048,0.5069835782051086,0.5069774389266968,0.0001229165936820209,0.5185873508453369,0.05,0.9,0.9058773712737128,0.9211309523809524,0.9768391330891332,0.8995392953929539
346,0.000585143410841854,0.5078125596046448,0.5078052282333374,0.00014661790919490159,0.5371747016906738,0.05,0.9,0.9058773712737128,0.9211309523809524,0.9775831807081806,0.8995392953929539
347,0.0005676273490659822,0.5065279603004456,0.506521463394165,0.00012991215044166893,0.542750895023346,0.05,0.9,0.9058773712737128,0.9211309523809524,0.9775831807081806,0.8995392953929539
348,0.0005504176515066467,0.5064675807952881,0.506460964679718,0.00013202696572989225,0.542750895023346,0.05,0.9,0.9058773712737128,0.9211309523809524,0.9779901811151811,0.8995392953929539
349,0.0005335154944238117,0.5067720413208008,0.5067653656005859,0.00013349222717806697,0.5167286396026611,0.05,0.9,0.9058773712737128,0.9211309523809524,0.9783622049247049,0.8995392953929539
350,0.0005169220330574664,0.5171045064926147,0.5170958042144775,0.00017400203796569258,0.5334572196006775,0.05,0.9,0.9058773712737128,0.9211309523809524,0.9783622049247049,0.8995392953929539
351,0.0005006384015486492,0.506630539894104,0.5066235661506653,0.00013953349844086915,0.5929368138313293,0.05,0.9,0.9058773712737128,0.9211309523809524,0.9779552045177046,0.8995392953929539
352,0.00048466571286194553,0.5100859999656677,0.5100791454315186,0.00013663609570357949,0.5167286396026611,0.05,0.9,0.9058773712737128,0.9211309523809524,0.9779552045177046,0.8995392953929539
353,0.00046900505870941026,0.5067666172981262,0.5067601203918457,0.0001300776784773916,0.5687732100486755,0.05,0.9,0.9058773712737128,0.9211309523809524,0.9779552045177046,0.8995392953929539
354,0.00045365750947594944,0.5088189840316772,0.5088132619857788,0.000114711670903489,0.5334572196006775,0.05,0.9,0.9058773712737128,0.9211309523809524,0.9779552045177046,0.8995392953929539
355,0.00043862411414616955,0.5103601813316345,0.5103538036346436,0.00012709265865851194,0.535315990447998,0.05,0.9,0.9058773712737128,0.9211309523809524,0.9779552045177046,0.8995392953929539
356,0.0004239059002326682,0.5071583390235901,0.5071524381637573,0.00011750744306482375,0.5315985083580017,0.05,0.9,0.9058773712737128,0.9211309523809524,0.9779552045177046,0.8995392953929539
357,0.00040950387370581904,0.5067195296287537,0.5067132711410522,0.00012569558748509735,0.5334572196006775,0.05,0.9,0.9058773712737128,0.9211309523809524,0.9783622049247049,0.8995392953929539
358,0.00039541901892500223,0.5073878169059753,0.5073807835578918,0.00014113633369561285,0.535315990447998,0.05,0.9,0.9058773712737128,0.9211309523809524,0.9783622049247049,0.8995392953929539
359,0.00038165229857133195,0.5081028938293457,0.5080960988998413,0.00013595318887382746,0.5371747016906738,0.05,0.9,0.9058773712737128,0.9211309523809524,0.9783622049247049,0.8995392953929539
360,0.00036820465358185857,0.507366955280304,0.5073604583740234,0.00012936029816046357,0.5371747016906738,0.05,0.9,0.9058773712737128,0.9211309523809524,0.9783622049247049,0.8995392953929539
361,0.00035507700308525403,0.5075571537017822,0.5075502395629883,0.00013885792577639222,0.5483271479606628,0.05,0.9,0.9058773712737128,0.9211309523809524,0.9783622049247049,0.8995392953929539
362,0.00034227024433899005,0.5080118179321289,0.5080052614212036,0.00013075259630568326,0.542750895023346,0.05,0.9,0.9058773712737128,0.9211309523809524,0.9783622049247049,0.8995392953929539
363,0.00032978525266801593,0.5223006010055542,0.522290825843811,0.00019560822693165392,0.535315990447998,0.05,0.9,0.9058773712737128,0.9211309523809524,0.9783622049247049,0.8995392953929539
364,0.0003176228814049297,0.506446123123169,0.5064394474029541,0.00013395483256317675,0.535315990447998,0.05,0.9,0.9058773712737128,0.9211309523809524,0.9783622049247049,0.8995392953929539
365,0.0003057839618316491,0.509475827217102,0.5094696283340454,0.000124368307297118,0.5334572196006775,0.05,0.9,0.9058773712737128,0.9211309523809524,0.9783622049247049,0.8995392953929539
366,0.00029426930312260227,0.50632643699646,0.5063208937644958,0.00011057322262786329,0.5,0.05,0.9,0.9058773712737128,0.9211309523809524,0.9783622049247049,0.8995392953929539
367,0.00028307969228941415,0.5067048072814941,0.5066989660263062,0.00011647028441075236,0.5520446300506592,0.05,0.9,0.9058773712737128,0.9211309523809524,0.9785482168294669,0.8995392953929539
368,0.00027221589412712463,0.507371723651886,0.5073657035827637,0.00012067820352967829,0.5576208233833313,0.05,0.9,0.9058773712737128,0.9211309523809524,0.9787342287342288,0.8995392953929539
369,0.0002616786511619041,0.5067328214645386,0.5067266225814819,0.00012365517613943666,0.5446096658706665,0.05,0.9,0.9058773712737128,0.9211309523809524,0.9783622049247049,0.8995392953929539
370,0.00025146868360031467,0.5071797966957092,0.507172703742981,0.00014232502144295722,0.5669144988059998,0.05,0.9,0.9058773712737128,0.9211309523809524,0.9783622049247049,0.8995392953929539
371,0.00024158668928007498,0.5185105204582214,0.51850426197052,0.00012482494639698416,0.542750895023346,0.05,0.9,0.9058773712737128,0.9211309523809524,0.9783622049247049,0.8995392953929539
372,0.00023203334362237158,0.5072012543678284,0.5071941614151001,0.0001413939316989854,0.5576208233833313,0.05,0.9,0.9058773712737128,0.9211309523809524,0.9783622049247049,0.8995392953929539
373,0.00022280929958568842,0.5071384310722351,0.5071327090263367,0.0001142339242505841,0.5408921837806702,0.05,0.9,0.9058773712737128,0.9211309523809524,0.9783622049247049,0.8995392953929539
374,0.00021391518762118363,0.5057812333106995,0.5057751536369324,0.00012177126336609945,0.5520446300506592,0.05,0.9,0.9058773712737128,0.9211309523809524,0.9783622049247049,0.8995392953929539
375,0.00020535161562959536,0.5077347755432129,0.5077278017997742,0.00013936158211436123,0.5687732100486755,0.05,0.9,0.9058773712737128,0.9211309523809524,0.9783622049247049,0.8995392953929539
376,0.0001971191689196937,0.5078747272491455,0.5078685283660889,0.00012426720059011132,0.5037174820899963,0.05,0.9,0.9058773712737128,0.9211309523809524,0.9783622049247049,0.8995392953929539
377,0.0001892184101682762,0.5095428824424744,0.5095328688621521,0.0002004949637921527,0.5204460620880127,0.05,0.9,0.9058773712737128,0.9211309523809524,0.9783622049247049,0.8995392953929539
378,0.0001816498793817073,0.5063565969467163,0.506350040435791,0.0001309218059759587,0.5204460620880127,0.05,0.9,0.9058773712737128,0.9211309523809524,0.9783622049247049,0.8995392953929539
379,0.00017441409385901422,0.5072402358055115,0.5072337985038757,0.00012904248433187604,0.5501858592033386,0.05,0.9,0.9058773712737128,0.9211309523809524,0.9783622049247049,0.8995392953929539
380,0.00016751154815652453,0.5180903077125549,0.5180803537368774,0.00019859138410538435,0.5724906921386719,0.05,0.9,0.9058773712737128,0.9211309523809524,0.9783622049247049,0.8995392953929539
381,0.0001609427140540686,0.507101833820343,0.5070959329605103,0.00011812570301117375,0.5334572196006775,0.05,0.9,0.9058773712737128,0.9211309523809524,0.9787692053317052,0.8995392953929539
382,0.00015470804052273096,0.5087205767631531,0.5087127685546875,0.00015590830298606306,0.5204460620880127,0.05,0.9,0.9058773712737128,0.9211309523809524,0.9787692053317052,0.8995392953929539
383,0.00014880795369416665,0.5073856115341187,0.5073785781860352,0.0001410406403010711,0.5836431384086609,0.05,0.9,0.9058773712737128,0.9211309523809524,0.9787692053317052,0.8995392953929539
384,0.0001432428568314728,0.5056757926940918,0.5056695938110352,0.00012439356942195445,0.5464683771133423,0.05,0.9,0.9058773712737128,0.9211309523809524,0.9787692053317052,0.8995392953929539
385,0.00013801313030162716,0.5076687932014465,0.5076631903648376,0.00011255195568082854,0.5390334725379944,0.05,0.9,0.9058773712737128,0.9211309523809524,0.9787692053317052,0.8995392953929539
386,0.0001331191315494912,0.5092323422431946,0.5092256665229797,0.0001337337016593665,0.5613383054733276,0.05,0.9,0.9058773712737128,0.9211309523809524,0.9787692053317052,0.8995392953929539
387,0.00012856119507337867,0.509053647518158,0.5090466737747192,0.00013954377209302038,0.5706319808959961,0.05,0.9,0.9058773712737128,0.9211309523809524,0.9787692053317052,0.8995392953929539
388,0.0001243396324021935,0.5116631388664246,0.5116562843322754,0.00013697014946956187,0.578066885471344,0.05,0.9,0.9058773712737128,0.9211309523809524,0.9787692053317052,0.8995392953929539
389,0.00012045473207413647,0.5067351460456848,0.50672847032547,0.00013337598647922277,0.5408921837806702,0.05,0.9,0.9058773712737128,0.9211309523809524,0.9791762057387056,0.8995392953929539
390,0.00011690675961698426,0.5093835592269897,0.5093773603439331,0.0001237621472682804,0.5371747016906738,0.05,0.9,0.9058773712737128,0.9211309523809524,0.9791762057387056,0.8995392953929539
391,0.00011369595752994128,0.5067756175994873,0.5067691206932068,0.0001299917494179681,0.5501858592033386,0.05,0.9166666666666666,0.9337085678549094,0.9315476190476191,0.9791762057387056,0.9162914321450907
392,0.00011082254526706605,0.5094106197357178,0.5094038248062134,0.00013634026981890202,0.5464683771133423,0.05,0.9166666666666666,0.9337085678549094,0.9315476190476191,0.9788041819291818,0.9162914321450907
393,0.00010828671922226878,0.5061079859733582,0.5061007738113403,0.00014428686699829996,0.5706319808959961,0.05,0.9166666666666666,0.9337085678549094,0.9315476190476191,0.9788041819291818,0.9162914321450907
394,0.00010608865271589101,0.5068359971046448,0.5068299770355225,0.00012006809993181378,0.5557620525360107,0.05,0.9166666666666666,0.9337085678549094,0.9315476190476191,0.9784321581196581,0.9162914321450907
395,0.00010422849598285996,0.5062310099601746,0.5062247514724731,0.00012507384235505015,0.542750895023346,0.05,0.9166666666666666,0.9337085678549094,0.9315476190476191,0.9784321581196581,0.9162914321450907
396,0.00010270637616241606,0.5074118375778198,0.5074055194854736,0.0001263482845388353,0.5204460620880127,0.05,0.9166666666666666,0.9337085678549094,0.9315476190476191,0.9784321581196581,0.9162914321450907
397,0.00010152239728942829,0.5071645975112915,0.5071582794189453,0.0001257901603821665,0.5520446300506592,0.05,0.9166666666666666,0.9337085678549094,0.9315476190476191,0.9784321581196581,0.9162914321450907
398,0.00010067664028727843,0.5054963827133179,0.5054901838302612,0.00012395861267577857,0.5557620525360107,0.05,0.9166666666666666,0.9337085678549094,0.9315476190476191,0.9784321581196581,0.9162914321450907
399,0.00010016916296233584,0.5057941675186157,0.5057883262634277,0.00011690211249515414,0.5464683771133423,0.05,0.9166666666666666,0.9337085678549094,0.9315476190476191,0.9784321581196581,0.9162914321450907
400,0.0001,0.5071067810058594,0.507100522518158,0.00012571155093610287,0.5650557279586792,0.05,0.9166666666666666,0.9337085678549094,0.9315476190476191,0.9784321581196581,0.9162914321450907
